inlf	hours	kidslt6	kidsge6	age	educ	wage	huseduc	faminc	motheduc	fatheduc	unem	city	exper	nwifeinc	expersq
1	1610	1	0	32	12	3.354	12	16310	12	7	5	0	14	10.91006	196
1	1656	0	2	30	12	1.3889	9	21800	7	7	11	1	5	19.49998	25
1	1980	1	3	35	12	4.5455	12	21040	12	7	5	0	15	12.03991	225
1	456	0	3	34	12	1.0965	10	7300	7	7	5	0	6	6.799996	36
1	1568	1	2	31	14	4.5918	12	27300	12	14	9.5	1	7	20.10006	49
1	2032	0	0	54	12	4.7421	11	19495	14	7	7.5	1	33	9.859054	1089
1	1440	0	2	37	16	8.3333	12	21152	14	7	5	0	11	9.152048	121
1	1020	0	0	54	12	7.8431	8	18900	3	3	5	0	35	10.90004	1225
1	1458	0	2	48	12	2.1262	4	20405	7	7	3	0	24	17.305	576
1	1600	0	2	39	12	4.6875	12	20425	7	7	5	0	21	12.925	441
1	1969	0	1	33	12	4.063	12	32300	12	3	5	0	15	24.29995	225
1	1960	0	1	42	11	4.5918	14	28700	14	7	5	0	14	19.70007	196
1	240	1	2	30	12	2.0833	16	15500	16	16	5	0	0	15.00001	0
1	997	0	2	43	12	2.2668	12	16860	10	10	7.5	1	14	14.6	196
1	1848	0	1	43	10	3.6797	17	31431	7	7	7.5	1	6	24.63091	36
1	1224	0	3	35	11	1.3472	12	19180	16	10	7.5	1	9	17.53103	81
1	1400	0	2	43	12	3.2143	12	18600	10	7	7.5	1	20	14.09998	400
1	640	0	5	39	12	5.175	12	19151	12	12	7.5	1	6	15.839	36
1	2000	0	0	45	12	2	11	18100	7	7	5	1	23	14.1	529
1	1324	0	4	35	12	7.5529	10	20300	12	7	5	0	9	10.29996	81
1	2215	0	2	42	16	3.5052	16	30419	10	16	7.5	0	5	22.65498	25
1	1680	0	0	30	12	3.5714	12	14090	12	10	3	0	11	8.090048	121
1	1600	0	0	48	13	3.25	17	22679	7	3	5	1	18	17.479	324
1	800	0	0	45	12	3.25	17	12160	7	7	11	0	15	9.56	225
1	1955	1	1	31	12	2.1545	12	12487	12	7	5	1	4	8.274953	16
1	660	0	2	43	17	3.7879	17	29850	16	14	9.5	1	21	27.34999	441
1	525	0	0	59	12	4	16	18100	3	7	9.5	1	31	16	961
1	1904	0	3	32	12	4.7269	13	26000	3	7	11	1	9	16.99998	81
1	1516	1	0	31	17	7.2559	17	26100	12	12	5	0	7	15.10006	49
1	346	0	0	42	12	5.8671	10	17730	12	12	9.5	0	7	15.69998	49
1	1040	0	0	50	11	1.5385	10	6719	7	7	7.5	1	32	5.11896	1024
1	732	0	0	59	16	2.459	17	18550	3	3	14	1	11	16.75001	121
1	1880	0	2	36	13	5.8511	13	24600	12	10	7.5	0	16	13.59993	256
1	1680	0	1	51	12	3.5714	8	23100	7	14	5	1	14	17.10005	196
1	2081	0	3	45	16	3.8068	17	24656	12	12	5	1	27	16.73405	729
1	690	0	1	42	11	2.4638	8	15897	10	3	7.5	0	0	14.19698	0
1	4210	0	0	46	12	2.3753	16	20320	3	3	11	1	17	10.31999	289
1	2205	0	1	46	10	4.5351	12	21384	10	3	11	0	28	11.3841	784
1	1952	0	0	51	14	5.6183	12	25561	7	7	14	0	24	14.59408	576
1	1302	0	0	30	17	14.631	17	36550	14	17	5	1	11	17.50044	121
1	112	1	2	30	12	2.6786	16	15810	12	12	3	0	1	15.51	1
1	893	0	0	57	12	3.9194	12	25500	9	9	7.5	1	14	21.99998	196
1	583	1	2	31	16	2.5729	16	24000	14	16	9.5	1	6	22.5	36
1	480	0	2	48	12	4.5375	8	22172	3	3	5	0	10	19.994	100
1	1900	0	3	30	12	2	12	17930	12	7	5	0	6	14.13	36
1	576	0	2	34	12	3.4722	12	7000	12	7	3	0	4	5.000013	16
1	2056	0	2	48	16	2.0161	16	25300	14	16	5	1	10	21.1549	100
1	1984	0	0	45	12	4.5716	11	16212	10	10	11	0	22	7.141946	484
1	2640	0	0	51	12	2.2727	13	22650	7	7	3	0	16	16.65007	256
1	240	0	2	30	12	2.6375	12	6985	12	7	14	0	6	6.352	36
1	1173	0	1	46	12	2.2899	12	30000	7	7	11	1	12	27.31395	144
1	3640	0	0	58	12	1.0989	12	18500	7	3	9.5	1	32	14.5	1024
1	340	0	8	37	12	1.1765	10	16658	12	7	5	0	15	16.25799	225
1	500	0	0	52	8	1.6	11	10300	7	7	5	1	17	9.5	289
1	1599	0	0	52	10	1.8762	4	11000	7	3	7.5	0	34	7.999956	1156
1	1830	0	0	31	16	4.0437	14	19900	12	12	7.5	1	9	12.50003	81
1	1920	0	0	55	14	9.6354	15	32500	7	7	14	1	37	14.00003	1369
1	2052	0	0	34	17	8.0409	17	37300	17	17	7.5	1	10	20.80007	100
1	2312	0	0	55	14	4.599	16	30018	17	7	11	1	35	19.38511	1225
1	196	0	2	39	12	2.1429	12	12807	12	7	14	1	6	12.38699	36
1	2500	0	3	40	14	4.4	13	39500	14	3	7.5	0	19	28.5	361
1	1980	0	4	43	12	3.5354	12	22050	12	12	9.5	1	10	15.04991	100
1	1840	0	0	48	8	2.7174	8	15500	7	7	14	1	11	10.49998	121
1	320	0	0	47	12	6.25	12	13810	7	7	9.5	1	15	11.81	225
1	419	0	4	41	12	11.933	12	11950	7	7	5	1	12	6.950073	144
1	1880	0	0	36	8	3.5931	12	19175	12	12	7.5	0	12	12.41997	144
1	72	0	2	46	17	6.9444	17	17900	12	16	7.5	0	14	17.4	196
1	120	0	0	34	12	2.9167	8	15850	12	7	5	1	11	15.5	121
1	1885	0	3	41	12	3.0769	8	27017	7	7	5	1	9	21.21704	81
1	240	0	1	51	12	3.75	10	18900	12	7	5	0	24	18	576
1	1729	0	0	33	12	5.7259	16	21800	12	12	7.5	1	12	11.89992	144
1	1850	0	0	52	12	3.6757	12	33552	10	10	7.5	1	13	26.75196	169
1	2033	0	0	58	9	5.1648	7	22650	7	9	7.5	1	29	12.14996	841
1	608	2	4	34	10	8.2237	9	15200	0	0	7.5	1	11	10.19999	121
1	1153	0	1	31	12	4.3365	12	13120	7	10	7.5	1	13	8.120015	169
1	2208	0	1	48	12	4.9819	12	21660	12	14	5	1	19	10.65996	361
1	252	0	2	32	12	0.3571	12	18190	7	7	3	0	2	18.10001	4
1	337	0	0	49	17	2.9674	17	9600	3	3	14	1	24	8.599986	576
1	90	2	2	32	15	1	14	13755	10	12	7.5	1	9	13.665	81
1	1174	0	0	58	12	2.5554	16	35350	7	12	7.5	1	6	32.34996	36
1	372	0	0	50	6	0.8602	12	12405	12	7	7.5	1	22	12.08501	484
1	30	0	0	60	14	1	12	12180	12	17	9.5	0	30	12.15	900
1	1800	0	1	50	12	2.9261	11	22962	7	3	7.5	1	10	17.69502	100
1	282	0	0	56	14	3.5461	17	25700	7	7	9.5	1	6	24.7	36
1	720	0	0	51	9	1.6264	8	3305	7	7	3	0	29	2.133992	841
1	1440	0	1	54	17	8.3333	17	32950	7	12	5	1	29	20.95005	841
1	2100	0	0	59	13	3.0952	15	17000	7	7	5	1	36	10.50008	1296
1	1000	0	2	46	9	2.7	10	13250	7	7	5	1	19	10.55	361
1	952	0	1	46	15	5.2521	16	50750	7	12	5	1	8	45.75	64
1	1413	1	3	39	12	1.4154	8	15632	10	10	14	0	13	13.63204	169
1	2100	0	2	44	12	4.7986	14	28316	7	0	11	1	16	18.23894	256
1	120	2	0	33	12	1.6667	12	17290	12	12	9.5	1	11	17.09	121
1	3000	1	2	33	12	1.1217	17	33600	10	10	7.5	1	15	30.2349	225
1	1000	0	2	48	12	0.5	12	29200	12	7	9	1	6	28.7	36
1	336	0	4	31	12	0.7143	17	19870	7	7	11	0	13	19.63	169
1	1216	0	1	45	12	2.7961	12	16225	7	7	11	0	22	12.82494	484
1	988	0	1	45	12	4.8583	10	28600	7	3	5	1	24	23.8	576
1	2581	0	2	32	13	1.7435	17	30800	14	12	7.5	1	2	26.30003	4
1	2030	0	0	47	12	2.4631	17	25700	7	7	3	0	6	20.69991	36
1	413	0	2	34	13	2.4213	13	27000	12	12	3	0	2	26	4
1	782	0	1	37	12	1.5345	10	12077	12	7	9.5	1	2	10.87702	4
1	1388	0	1	36	12	2.8818	12	29612	7	7	11	0	14	25.61206	196
1	1450	1	2	47	12	2.4069	14	24479	7	10	9.5	1	9	20.98899	81
1	1720	0	1	48	16	5.2326	17	79750	14	14	7.5	1	11	70.74993	121
1	800	0	2	42	12	3.75	12	20050	12	7	11	0	9	17.05	81
1	360	0	3	33	13	1.3889	14	21500	10	12	11	1	6	21	36
1	2000	0	0	46	11	4	8	16120	7	7	5	0	19	8.12	361
1	1176	0	3	47	12	3.2313	13	24686	7	7	9.5	0	26	20.88599	676
1	2058	0	1	44	12	3.4014	10	24669	7	10	9.5	1	19	17.66892	361
1	900	0	4	36	12	1.3333	17	26400	7	7	7.5	1	3	25.20003	9
1	215	2	0	31	17	9.3023	16	16245	12	12	7.5	1	7	14.24501	49
1	2000	0	0	55	14	4.5	14	23300	7	7	9.5	1	28	14.3	784
1	757	0	1	45	16	4.6235	16	27200	12	7	9.5	1	13	23.70001	169
1	1264	0	0	47	17	3.9557	17	51000	10	17	9.5	1	9	46	81
1	2064	0	3	46	12	5.814	12	55000	10	7	14	1	15	42.9999	225
1	1280	0	0	49	11	0.5	9	15389	7	7	7.5	1	20	14.749	400
1	1715	0	0	49	12	4.0816	14	23150	7	7	9.5	1	29	16.15005	841
1	2000	0	2	45	12	6	6	29774	7	10	14	1	9	17.774	81
1	12	1	3	38	17	3.6667	13	91044	12	10	14	1	1	91	1
1	1528	0	0	47	10	3.8613	12	28200	7	12	14	1	8	22.29993	64
1	561	0	3	54	13	2.7629	16	36150	7	7	9.5	1	19	34.60001	361
1	2058	0	0	41	11	2.931	12	15652	12	12	7.5	0	23	9.620002	529
1	1823	0	2	43	12	4.3884	14	18900	14	7	11	0	3	10.89995	9
1	1680	1	1	31	16	5.4167	12	23600	12	10	7.5	0	13	14.49994	169
1	1440	0	0	47	17	9.8611	12	36200	7	7	7.5	1	8	22.00002	64
1	4950	0	2	35	12	0.1616	12	18700	10	10	7.5	0	17	17.90008	289
1	1176	0	3	45	16	0.3826	17	24125	7	7	11	1	4	23.67506	16
1	1100	1	0	33	12	3.6364	12	15800	7	7	7.5	0	15	11.79996	225
1	1516	0	1	54	16	2.3747	12	19742	12	7	3	0	11	16.14195	121
1	900	0	4	35	8	4.6667	12	22600	10	7	9.5	0	7	18.39997	49
1	1080	1	2	31	12	1.8519	10	17500	7	7	7.5	0	0	15.49995	0
1	480	0	0	55	12	5.2	12	19820	7	7	7.5	0	0	17.324	0
1	288	0	2	34	12	3.2986	12	20155	12	16	11	1	10	19.205	100
1	1875	0	1	38	13	8.5333	12	37300	10	12	7.5	1	8	21.30006	64
1	630	0	1	45	11	2.0635	10	24860	7	7	7.5	1	2	23.56	4
1	234	0	1	47	12	2.5641	10	21450	12	3	7.5	1	4	20.85	16
1	1600	0	2	39	12	2.1875	11	29650	7	7	5	1	6	26.15	36
1	960	1	0	36	14	6.25	13	23000	7	7	11	1	18	17	324
1	120	1	2	33	12	3.3333	14	21120	7	7	9	1	3	20.72	9
1	2025	0	0	50	12	4.4444	13	26000	7	12	5	1	22	17.00009	484
1	1809	0	0	58	12	6.6335	14	28000	3	7	7.5	1	33	16	1089
1	3087	0	0	49	17	8.4224	13	45500	12	12	11	1	28	19.50005	784
1	910	0	2	41	14	4.3956	17	16000	16	12	14	1	23	12	529
1	1840	0	1	51	12	2.4457	8	18232	7	14	11	0	27	13.73191	729
1	784	0	0	53	9	1.2245	10	28160	3	7	14	1	11	27.19999	121
1	400	1	2	36	12	1.625	7	5965	12	7	11	1	6	5.315	36
1	1000	0	2	46	12	3	12	19000	7	7	9.5	1	11	16	121
1	1904	0	2	36	12	4.7269	12	36872	12	12	11	1	14	27.87198	196
1	1771	0	1	53	14	1.1293	16	42000	12	12	14	1	17	40.00001	289
1	1486	0	3	40	16	7.4024	16	26900	16	14	11	1	17	15.90003	289
1	740	0	2	42	17	4.4595	16	30800	12	10	9	0	14	27.49997	196
1	1820	1	1	33	15	2.4725	16	21520	12	12	11	1	11	17.02005	121
1	1275	0	3	43	12	1.8824	14	24795	7	7	7.5	1	7	22.39494	49
1	450	1	0	31	16	4	16	12900	14	16	14	1	8	11.1	64
1	1221	0	0	47	17	8.19	16	42700	7	7	7.5	1	6	32.70001	36
1	1550	0	0	54	17	7.0968	17	38800	10	17	11	1	8	27.79996	64
1	180	1	3	33	12	1.6667	11	2500	7	3	3	0	4	2.199994	16
1	2090	0	0	43	16	3.445	14	26921	14	10	11	1	25	19.72095	625
1	1960	0	1	46	13	4.2347	13	18300	7	9	3	0	24	9.999988	576
1	1440	0	3	35	12	2.7778	9	17200	7	7	14	1	11	13.19997	121
1	794	0	3	37	11	1.8892	12	14209	12	3	9.5	1	19	12.70897	361
1	993	0	2	37	16	5.0352	17	32300	12	16	14	1	9	27.30005	81
1	160	0	3	34	14	1.25	14	21400	17	12	7.5	1	19	21.2	361
1	105	1	0	43	16	2.8571	17	14700	7	7	9.5	0	14	14.4	196
1	1200	0	0	46	12	4.1167	12	25516	7	7	9.5	1	22	20.57596	484
1	450	0	3	35	9	1.7778	12	13300	3	7	5	1	6	12.49999	36
1	996	0	0	46	17	13.554	17	31000	12	12	9.5	1	23	17.50022	529
1	1052	0	0	46	14	4.5627	16	48800	7	3	11	1	15	44.00004	225
1	1128	0	2	43	12	2.1277	10	15519	7	7	14	1	6	13.11895	36
1	1840	0	0	30	12	2.9891	12	19500	7	7	7.5	0	11	14.00006	121
1	1910	0	2	41	11	2.5654	9	14545	3	7	5	0	2	9.645086	4
1	980	0	1	54	12	5.6122	15	22897	7	7	14	1	22	17.39705	484
1	2317	0	1	31	12	2.8054	9	14300	10	10	7.5	1	10	7.799889	100
1	1089	0	0	44	10	1.607	11	14884	10	10	9.5	1	14	13.13398	196
1	800	0	1	32	12	2.25	16	27400	12	7	11	1	12	25.6	144
1	1230	0	0	47	5	2.0325	5	16400	7	12	14	1	9	13.90003	81
1	1158	0	1	46	17	5.532	17	25704	14	17	7.5	0	13	19.29794	169
1	2272	0	0	37	11	1.5845	8	12800	10	10	7.5	0	18	9.200016	324
1	528	0	2	51	12	3.7879	11	40000	7	7	7.5	0	8	37.99999	64
1	1000	0	1	49	12	3	12	47000	7	7	14	1	11	44	121
1	520	0	4	36	14	8.6538	13	25872	10	12	9.5	1	9	21.37202	81
1	760	0	1	39	11	4.2105	12	26868	12	7	9.5	1	9	23.66802	81
1	1920	0	2	48	12	4.6875	8	18000	12	12	9.5	1	14	9	196
1	1220	0	2	38	14	4.0984	17	30200	7	7	5	1	9	25.19995	81
1	200	0	2	40	12	25	12	26220	7	7	7.5	1	2	21.22	4
1	2480	1	5	39	10	2.6331	17	40500	7	7	3	0	12	33.96991	144
1	2750	0	0	37	16	6	17	33570	12	7	7.5	1	15	17.07	225
1	2014	0	1	49	13	5.4126	12	16917	7	14	14	1	11	6.016024	121
1	1355	0	3	33	12	0.6642	17	18000	12	7	9.5	0	7	17.10001	49
1	80	0	0	30	12	1.25	16	8337	12	12	11	1	9	8.237	81
1	1670	0	0	54	12	2.2754	8	17100	12	7	9.5	0	19	13.30008	361
1	520	0	4	39	11	3.4615	12	17800	10	7	11	0	11	16.00002	121
1	288	0	3	43	12	4.1667	12	13740	12	12	14	1	8	12.53999	64
1	2014	0	3	31	9	4.4687	12	27000	10	3	9.5	1	13	18.00004	169
1	800	0	3	33	13	1.75	14	32600	12	7	7.5	1	4	31.2	16
1	1984	0	3	40	12	3.6694	14	28030	12	12	14	1	7	20.74991	49
1	1823	0	1	36	12	6.5826	9	23100	12	12	3	0	19	11.09992	361
1	1500	0	0	51	12	2.6	12	24580	7	7	9.5	1	14	20.68	196
1	2261	0	1	44	13	4.8651	12	29000	12	7	9.5	1	14	18.00001	196
1	1728	0	3	42	16	5.787	14	42430	12	14	9.5	1	3	32.43007	9
1	1960	0	1	40	12	4.5408	8	41800	12	12	7.5	1	9	32.90003	81
1	1578	1	1	34	16	9.5057	16	39100	12	17	9.5	1	7	24.10001	49
1	1316	0	0	30	17	10.638	16	31800	16	17	11	1	7	17.80039	49
1	1530	0	0	54	12	1.1111	12	22200	7	7	14	0	14	20.50002	196
1	2220	0	0	51	12	4.0541	12	19500	16	7	3	0	29	10.4999	841
1	1336	0	2	44	9	2.6871	11	14027	7	10	11	0	19	10.43703	361
1	1008	0	1	43	12	2.9762	9	21195	7	7	11	1	14	18.19499	196
1	1944	0	1	34	12	3.1728	8	19013	10	7	7.5	0	16	12.84508	256
1	2000	0	0	45	13	3.55	12	20900	12	7	11	1	10	13.8	100
1	258	0	0	39	12	17.907	7	26820	10	3	11	0	12	22.2	144
1	1785	0	0	50	12	3.4174	10	12800	0	0	14	1	24	6.699941	576
1	480	0	0	52	12	3.3333	12	7850	7	7	14	0	6	6.250016	36
1	772	0	2	41	12	3.886	12	18600	12	12	7.5	1	9	15.60001	81
1	900	0	0	59	10	2.3111	7	5380	12	7	5	0	14	3.30001	196
1	1428	0	0	52	12	1.7108	8	6114	10	7	14	0	26	3.670978	676
1	210	0	0	46	16	2.1143	12	8234	12	12	14	0	7	7.789997	49
1	239	1	5	41	12	9.9331	16	20646	3	7	11	1	4	18.27199	16
1	1878	0	2	33	11	3.0277	8	16640	7	7	9.5	0	15	10.95398	225
1	215	0	0	45	12	1.8605	12	13900	12	12	5	1	23	13.49999	529
1	2340	1	2	36	10	0.1282	8	11500	10	7	7.5	0	1	11.20001	1
1	1960	0	1	48	12	6.6327	10	34000	7	7	14	1	29	20.99991	841
1	532	0	1	47	12	5.6391	11	28700	7	3	11	1	9	25.7	81
1	394	0	0	45	12	1.599	12	9563	7	7	7.5	0	6	8.932994	36
1	675	0	2	37	12	2.6667	17	20960	7	7	7.5	0	11	19.15998	121
1	1515	0	4	46	16	7.9208	14	38590	12	10	14	1	17	26.58999	289
1	1030	0	3	43	17	5.3398	16	27900	12	12	5	1	6	22.40001	36
1	1250	0	2	42	12	4	17	25633	7	7	7.5	1	7	20.633	49
1	1158	1	2	34	17	6.0449	17	35200	12	12	7.5	1	2	28.20001	4
1	112	0	0	52	12	6.25	12	29500	7	7	7.5	1	24	28.8	576
1	336	0	3	37	12	2.9762	9	10000	10	7	7.5	0	4	8.999997	16
1	1984	0	1	37	12	4.2339	12	19800	10	7	5	0	11	11.39994	121
1	716	0	0	52	8	3.4916	7	12900	7	7	5	0	25	10.40001	625
1	1410	1	0	30	12	4.9645	14	26080	12	12	7.5	0	11	19.08006	121
1	1300	0	1	31	13	2.7692	12	13066	17	7	11	1	2	9.46604	4
1	1640	0	1	38	12	3.6585	12	12500	7	7	7.5	0	19	6.50006	361
1	1202	0	3	43	12	5.3935	16	35600	7	7	9	1	7	29.11701	49
1	489	0	1	49	8	0.6564	8	19424	7	7	5	1	2	19.10302	4
1	2076	0	0	55	12	4.7688	10	26250	7	7	5	1	20	16.34997	400
1	526	0	2	38	17	8.5551	17	36525	12	14	9.5	1	10	32.02502	100
1	1721	0	0	52	17	10.459	16	34700	14	17	14	1	19	16.70006	361
1	1327	0	0	48	12	2.6375	11	8311	7	7	11	1	17	4.811038	289
1	584	0	2	32	13	6.8493	12	28626	12	10	11	1	12	24.62601	144
1	1376	0	1	32	12	5.0872	17	24400	7	7	5	1	11	17.40001	121
1	1040	0	2	38	12	0.9615	17	14025	7	7	7.5	1	6	13.02504	36
1	548	0	3	46	12	4.3066	12	21367	16	12	14	1	10	19.00698	100
1	15	0	3	40	12	7.0667	9	14136	7	7	7.5	0	4	14.03	16
1	1980	0	4	31	9	2.5253	10	19900	10	7	5	1	2	14.89991	4
1	1520	0	1	43	10	7.8947	12	37000	12	9	9.5	1	13	25.00006	169
1	1880	0	0	51	12	4.1489	12	18500	7	7	7.5	0	21	10.70007	441
1	1260	1	0	30	16	8.1746	17	34550	16	14	5	1	9	24.25	81
1	1092	0	0	52	13	9.5971	15	49620	10	7	11	1	4	39.13997	16
1	1587	1	5	30	8	2.0164	8	10400	3	3	7.5	0	2	7.199973	4
1	156	0	0	51	16	7.6218	16	33000	16	16	11	1	19	31.811	361
1	1939	0	2	31	13	3.1975	12	16200	7	3	7.5	1	4	10.00005	16
1	1250	0	4	34	12	1.6	12	22660	12	16	7.5	1	9	20.66	81
1	610	0	0	49	11	4.0984	17	16000	7	7	7.5	1	14	13.49998	196
1	270	1	3	35	13	1.4815	17	25780	7	16	9.5	1	6	25.38	36
1	660	1	0	53	12	3.6364	12	20675	7	12	7.5	1	24	18.27498	576
1	1000	0	3	32	12	1	16	40213	12	7	11	0	1	39.213	1
1	1920	0	3	38	10	2.6042	10	15500	12	7	7.5	1	13	10.49994	169
1	200	0	0	54	12	1.75	16	35207	7	12	9.5	1	3	34.857	9
1	1500	0	1	47	17	4.8	8	35702	10	12	11	1	10	28.502	100
1	868	0	1	45	15	5.53	14	17800	14	12	9.5	1	16	12.99996	256
1	2318	0	1	47	16	4.0984	16	50900	16	16	5	1	9	41.39991	81
1	2000	0	0	59	10	1.25	12	17280	7	7	5	0	19	14.78	361
1	60	0	1	32	11	1.6667	12	15150	10	9	5	1	4	15.05	16
1	1715	0	1	45	12	3.7901	17	36200	7	7	7.5	1	10	29.69998	100
1	550	0	4	40	12	2.3636	12	17465	14	12	5	1	5	16.16502	25
1	1960	0	2	47	14	10.204	12	45205	14	12	3	1	7	25.20516	49
1	44	1	2	36	16	6.8182	17	14500	12	10	5	0	3	14.2	9
1	1920	0	0	56	14	7.2146	14	32011	7	7	7.5	0	38	18.15897	1444
1	2540	0	1	41	8	2.4484	11	35200	7	12	9.5	0	16	28.98106	256
1	156	0	3	48	7	1.1987	11	13579	3	7	11	0	13	13.392	169
1	780	1	2	36	12	1.641	12	10455	7	7	11	0	1	9.17502	1
1	3120	0	0	41	12	1.7821	13	32600	7	3	5	0	7	27.03985	49
1	2040	0	0	41	14	2.9412	12	19150	7	10	11	1	15	13.14995	225
1	1610	0	3	36	12	4.9689	13	24400	12	17	9.5	1	10	16.40007	100
1	215	0	3	37	12	1.8605	12	21700	10	7	3	0	2	21.29999	4
1	1120	0	0	38	12	8.0357	12	26201	7	3	9.5	1	19	17.20102	361
1	846	0	2	43	14	3.9716	9	11920	3	3	7.5	1	25	8.560026	625
1	3225	0	0	54	16	3.0416	17	16300	12	12	9.5	1	25	6.49084	625
1	1376	0	1	38	12	2.907	12	16500	7	7	5	1	7	12.49997	49
1	980	1	0	30	12	3.0612	16	30000	12	7	11	1	15	27.00002	225
1	1838	0	0	49	12	4.8966	15	62500	7	7	9.5	1	11	53.50005	121
1	1494	0	1	45	13	4.0161	6	58500	10	10	9.5	1	25	52.49995	625
1	450	0	0	51	13	5.5556	14	40900	7	7	9.5	1	19	38.39998	361
1	1976	0	0	34	10	1.2227	7	16308	0	10	7.5	1	4	13.89194	16
1	2012	0	2	34	12	2.6839	10	9300	7	7	7.5	1	14	3.899993	196
1	561	0	1	41	12	2.6738	17	35700	10	9	7.5	1	19	34.2	361
1	1715	0	1	49	12	9.3294	17	35700	9	9	11	1	18	19.70008	324
1	1912	0	0	32	12	3.1381	14	24500	12	12	5	1	14	18.49995	196
1	3686	0	0	32	14	0.5426	14	13000	12	12	7.5	1	11	10.99998	121
1	1080	0	2	32	17	8.6111	15	52600	12	12	5	0	4	43.30001	16
1	1799	0	0	47	10	3.6687	10	25360	3	7	7.5	1	29	18.76001	841
1	1984	0	1	39	9	2.3185	4	9400	9	9	7.5	0	21	4.800096	441
1	1839	0	0	49	12	2.882	15	26800	12	12	11	1	24	21.5	576
1	1579	0	3	37	12	3.1666	14	33040	12	7	7.5	1	19	28.03994	361
1	96	0	0	59	16	3.6458	15	26350	14	12	7.5	1	31	26	961
1	1920	0	0	50	12	6.25	12	39000	7	7	14	1	28	27	784
1	1688	0	1	32	17	10.249	17	35100	12	12	9.5	1	15	17.79969	225
1	1589	0	0	46	12	3.2096	16	22502	12	12	11	0	27	17.40195	729
1	345	0	2	43	17	7.6522	17	21950	12	14	14	0	13	19.30999	169
1	1521	0	3	37	11	1.9724	6	13000	7	7	7.5	0	4	9.99998	16
1	1490	0	2	32	16	4.698	14	18180	12	14	9	1	10	11.17998	100
1	989	0	1	39	11	2.1234	14	20957	10	10	9	1	8	18.85696	64
1	600	0	2	34	13	2.3333	12	13700	12	12	7.5	0	4	12.30002	16
1	2646	0	1	39	11	2.3896	8	20000	7	7	5	1	18	13.67712	324
1	2149	0	3	45	8	1.2564	9	12260	7	7	5	1	3	9.559997	9
1	320	0	0	50	11	1.0938	11	24850	3	12	7.5	1	11	24.49998	121
1	1600	0	1	40	12	3.75	12	29150	12	7	7.5	1	8	23.15	64
1	2419	0	1	30	10	3.3072	12	23591	7	7	11	1	10	15.59088	100
1	2005	0	0	57	17	5.1352	17	24717	16	12	11	1	33	14.42092	1089
1	1960	0	1	39	12	6.6327	12	30455	12	12	9	1	19	17.45491	361
1	2147	0	0	53	12	4.5645	8	19600	12	12	7.5	1	35	9.800019	1225
1	1207	0	1	48	17	11.848	17	31875	7	12	5	1	21	17.57446	441
1	2000	0	1	46	14	3.75	16	24055	14	14	7.5	0	7	16.555	49
1	1260	0	0	47	12	4.3651	12	18795	7	10	7.5	0	18	13.29497	324
1	90	0	1	43	12	3.9333	10	12198	7	7	7.5	0	4	11.844	16
1	1800	0	0	47	12	3.3333	16	52645	12	7	7.5	1	12	46.64506	144
1	573	0	1	47	12	3.3159	12	16600	10	7	14	0	16	14.69999	256
1	1825	0	0	47	12	3.5616	12	32590	7	7	7.5	1	14	26.09008	196
1	75	0	0	46	12	1.6	12	10020	3	7	7.5	1	3	9.9	9
1	1348	0	4	34	9	2.2255	10	12048	7	7	11	0	1	9.048026	1
1	1880	0	0	48	10	4.7872	12	39750	7	7	11	0	27	30.75006	729
1	1240	0	1	30	12	5.8065	12	15700	10	7	7.5	1	12	8.49994	144
1	848	0	1	51	12	2.3585	12	24250	7	7	3	0	6	22.24999	36
1	150	0	5	52	12	2	16	43210	7	12	14	1	9	42.91	81
1	2000	0	2	37	12	1.9	13	37100	12	12	5	0	2	33.3	4
1	1952	0	2	32	12	5.123	12	23820	12	7	5	0	6	13.8199	36
1	1456	0	2	36	17	5.4945	15	31600	12	14	5	1	9	23.60001	81
1	1740	0	2	35	12	6.3218	14	24000	10	10	7.5	1	16	13.00007	256
1	1400	0	0	45	17	7.1429	16	30750	14	12	5	0	22	20.74994	484
1	2000	0	0	56	12	2.375	10	11050	7	7	14	0	26	6.3	676
1	1750	0	2	40	10	2.5429	4	12239	7	7	14	0	11	7.788925	121
1	1101	1	2	45	12	2.1798	14	12870	14	12	7.5	1	11	10.47004	121
1	2000	0	2	32	12	2.6	12	17200	10	7	7.5	0	15	12	225
1	1877	0	0	45	12	3.7294	8	23980	10	10	7.5	0	13	16.97992	169
1	160	0	2	40	12	4.375	12	18600	7	12	14	1	6	17.9	36
1	1886	0	1	38	12	4.4433	8	23920	7	10	9.5	1	20	15.53994	400
1	1446	0	4	49	12	4.2877	12	16084	7	7	14	1	17	9.883986	289
1	1500	0	1	47	16	1.6667	17	31100	14	14	11	1	8	28.59995	64
1	860	0	0	52	13	3.2558	12	20460	7	7	11	1	13	17.66001	169
1	1848	0	1	34	13	5.4113	16	36000	12	12	7.5	1	15	25.99992	225
1	1678	0	2	44	12	2.205	12	17302	14	12	3	0	14	13.60201	196
1	160	0	3	36	16	4.0625	16	16450	14	7	3	0	14	15.8	196
1	108	0	0	50	17	0.6482	16	41170	14	16	9.5	1	6	41.09999	36
1	1738	0	0	45	12	5.3826	12	20130	0	0	7.5	1	24	10.77504	576
1	1170	0	2	44	14	0.1709	13	9200	16	12	9.5	1	10	9.000047	100
1	15	0	2	57	12	23.467	10	24751	7	7	11	1	2	24.39899	4
1	2088	0	0	35	17	9.5785	17	57300	12	17	9.5	1	9	37.30009	81
1	2490	0	0	46	12	3.6948	12	37200	7	7	7.5	1	23	27.99995	529
1	135	2	1	30	14	2.2222	16	14000	10	12	14	1	12	13.7	144
1	1944	0	3	42	12	1.749	12	20610	7	3	14	0	8	17.20994	64
1	690	0	1	34	12	1.1594	13	14800	10	7	7.5	1	16	14.00001	256
1	608	0	2	45	17	6.9901	16	40005	10	14	14	1	10	35.75502	100
1	63	1	2	35	16	3.9683	16	23750	14	7	14	1	7	23.5	49
1	154	0	0	40	16	21.429	17	35300	7	12	14	1	19	31.99993	361
1	420	0	1	32	12	0.4762	16	17350	12	12	7.5	1	2	17.15	4
1	651	0	0	54	9	2.1505	10	21650	7	7	7.5	1	9	20.25002	81
1	675	0	3	38	12	1.8578	8	6740	7	7	14	0	14	5.485985	196
1	1663	0	3	43	12	4.3295	12	32275	12	14	5	1	9	25.07504	81
1	1680	0	0	54	16	8.9286	12	33220	14	7	9.5	1	16	18.21995	256
1	180	0	3	39	14	2.7778	17	26500	12	12	7.5	1	7	26	49
1	1581	0	1	37	12	2.6565	14	38700	7	12	5	1	6	34.50007	36
1	1200	0	2	46	12	2.5	8	15400	7	7	5	1	22	12.4	484
1	450	0	0	56	11	18.267	11	19007	7	7	3	0	9	10.78685	81
1	547	0	3	41	12	0.819	8	16771	12	7	7.5	0	9	16.32301	81
1	300	0	1	45	16	2	16	31100	16	7	11	1	14	30.5	196
1	975	0	1	44	17	15.385	16	66300	3	3	7.5	1	17	51.29963	289
1	1621	0	1	50	17	6.4775	17	43550	16	12	5	0	12	33.04997	144
1	300	0	5	37	14	8.3333	14	37250	7	7	11	0	13	34.75001	169
1	1868	0	1	44	12	4.5503	12	24900	16	7	14	0	8	16.40004	64
1	1803	0	2	32	14	2.4958	17	24200	7	14	9.5	1	10	19.70007	100
1	2143	1	1	34	12	4.4797	12	16200	10	10	14	0	16	6.600003	256
1	1080	0	2	32	10	2.2324	10	11431	10	10	7.5	0	1	9.020008	1
1	1352	0	3	37	12	2.071	14	13200	10	10	11	0	6	10.40001	36
1	537	0	1	44	13	1.676	8	15420	10	10	9	1	4	14.51999	16
1	352	0	2	34	16	3.4091	12	18400	12	12	14	0	8	17.2	64
1	200	1	3	33	12	2.5	16	43500	10	3	5	1	4	43	16
1	2045	0	3	43	7	3.9609	12	21972	7	7	7.5	1	15	13.87196	225
1	1253	0	2	35	16	6.2275	10	7774	16	16	11	0	7	-0.0290575	49
1	1960	0	1	43	14	3.9286	14	24470	7	7	7.5	0	14	16.76994	196
1	2000	0	0	34	12	2.9	12	13600	7	7	7.5	0	16	7.8	256
1	1960	0	3	36	10	4.0816	7	22500	7	0	7.5	0	15	14.50006	225
1	2000	0	2	41	12	2.85	12	13600	7	7	14	0	23	7.9	529
1	1568	0	0	41	16	7.0153	17	90800	7	7	7.5	0	19	79.80001	361
1	1225	0	3	35	10	2.9388	9	10776	10	10	7.5	0	4	7.17597	16
1	780	1	3	32	12	1.9231	10	19007	10	7	5	1	12	17.50698	144
1	480	0	0	30	14	6.875	14	23900	12	12	14	1	12	20.6	144
1	1923	0	0	43	12	3.9002	12	26060	7	7	7.5	1	25	18.55992	625
1	2000	0	0	54	6	2	6	13300	7	7	7.5	0	14	9.3	196
1	2110	0	2	35	15	4.9763	12	15620	7	7	7.5	0	14	5.120008	196
1	1664	0	0	50	12	1.2019	13	16500	7	7	7.5	0	11	14.50004	121
1	48	1	1	34	17	22.5	17	20880	14	16	5	1	7	19.8	49
1	1791	0	0	52	14	6.8677	12	30600	14	12	9.5	1	18	18.29995	324
1	1404	0	3	35	13	3.5613	14	39000	7	10	9	1	4	33.99994	16
1	1920	0	0	55	6	1.9792	8	15428	7	7	7.5	0	37	11.62794	1369
1	2141	0	0	35	16	5.3713	16	23300	7	7	7.5	0	13	11.80005	169
1	1720	0	1	49	14	1.7442	16	42100	16	16	9.5	1	14	39.09998	196
1	3533	2	2	38	15	5.0948	9	36430	12	7	9.5	1	17	18.43007	289
1	2000	0	2	42	14	2.5	14	26000	7	7	9.5	1	5	21	25
1	800	0	1	48	8	3.825	5	62060	7	7	7.5	0	2	59	4
1	3000	0	0	51	14	1	16	28300	12	12	9.5	1	0	25.3	0
1	293	0	2	43	12	3.0717	12	24149	12	10	7.5	1	3	23.24899	9
1	1872	0	1	43	12	1.7163	12	28141	12	10	7.5	1	21	24.92809	441
1	2058	0	1	38	12	4.0209	14	23057	10	10	7.5	1	20	14.78199	400
1	1832	0	1	44	12	5.4585	9	28900	3	7	7.5	1	19	18.90003	361
1	120	1	3	36	12	25	12	24000	12	10	9.5	1	4	21	16
1	1632	0	0	38	12	2.3897	12	13900	12	12	7.5	0	19	10.00001	361
1	778	0	0	47	8	3.2134	8	31810	12	12	5	1	11	29.30997	121
1	1984	0	2	34	12	3.377	10	19840	7	7	7.5	0	14	13.14003	196
1	225	1	2	40	17	1.7778	17	25490	16	17	14	1	8	25.08999	64
1	1960	0	1	31	12	3.1633	12	20800	12	12	7.5	0	13	14.59993	169
1	444	0	0	46	12	2.7027	12	2400	10	16	7.5	1	24	1.200001	576
1	384	0	3	36	14	1.6927	17	32650	10	10	14	1	1	32	1
1	1170	1	2	39	13	0.2137	12	16370	12	16	11	1	1	16.11997	1
1	1330	0	2	36	17	6.7669	12	35500	7	7	14	0	3	26.50002	9
1	1350	0	4	37	8	1.7407	12	15100	7	7	3	0	4	12.75006	16
1	480	0	4	39	12	2.5	11	14100	7	9	3	0	21	12.9	441
1	1984	1	3	36	11	4.4859	8	19600	7	3	14	0	10	10.69998	100
1	1944	0	2	49	12	2.572	16	19434	7	7	5	1	13	14.43403	169
1	50	1	1	45	12	3.46	10	23882	7	7	9.5	1	9	23.709	81
1	460	2	0	32	17	4.7826	17	17300	7	7	7.5	0	14	15.1	196
1	680	0	5	36	10	2.3118	12	19772	7	7	7.5	0	2	18.19998	4
1	2450	0	1	40	12	5.3061	8	35641	7	7	5	1	21	22.64106	441
1	2144	0	2	43	13	5.8675	11	34220	7	7	7.5	1	22	21.64008	484
1	1760	0	1	33	12	3.4091	12	30000	12	16	11	1	14	23.99998	196
1	490	0	1	30	12	4.0816	11	18000	12	12	7.5	1	7	16.00002	49
0	0	0	1	49	12	0	15	21025	14	12	7.5	1	2	21.025	4
0	0	2	0	30	16	0	16	23600	14	7	9.5	1	5	23.6	25
0	0	1	0	30	12	0	17	22800	12	12	7.5	0	12	22.8	144
0	0	0	4	41	12	0	16	35910	7	7	7.5	1	1	35.91	1
0	0	0	1	45	12	0	16	21700	7	7	5	1	12	21.7	144
0	0	0	5	43	12	0	13	21823	7	7	7.5	1	4	21.823	16
0	0	0	1	42	13	0	15	31000	10	7	11	1	9	31	81
0	0	0	0	60	12	0	12	15300	7	7	7.5	1	9	15.3	81
0	0	0	0	57	12	0	12	12925	9	3	7.5	1	6	12.925	36
0	0	0	2	38	10	0	8	15830	12	7	5	0	5	15.83	25
0	0	0	0	56	12	0	12	30200	12	12	7.5	1	5	30.2	25
0	0	0	3	32	12	0	7	16600	10	7	5	0	8	16.6	64
0	0	0	1	49	7	0	6	11000	7	7	7.5	1	2	11	4
0	0	0	0	55	12	0	12	15000	7	10	3	0	6	15	36
0	0	1	1	36	9	0	14	20528	7	7	11	0	0	20.528	0
0	0	0	3	44	12	0	12	13126	9	9	14	0	3	13.126	9
0	0	0	1	44	10	0	12	15550	7	14	7.5	1	7	15.55	49
0	0	1	2	35	14	0	17	18010	3	12	7.5	1	3	18.01	9
0	0	2	3	44	14	0	10	18874	10	10	14	0	10	18.874	100
0	0	0	1	45	12	0	12	24800	12	12	14	1	3	24.8	9
0	0	1	0	34	12	0	12	17500	12	17	5	1	2	17.5	4
0	0	2	0	30	17	0	17	16150	12	12	7.5	1	12	16.15	144
0	0	0	1	39	8	0	12	15189	7	3	3	0	15	15.189	225
0	0	0	2	36	12	0	15	6000	7	7	14	0	5	6	25
0	0	0	2	38	17	0	16	37250	10	12	9.5	1	4	37.25	16
0	0	0	0	53	12	0	16	27760	10	10	7.5	1	10	27.76	100
0	0	0	2	36	12	0	12	9090	7	7	3	0	1	9.09	1
0	0	1	1	32	12	0	12	14500	12	7	7.5	1	8	14.5	64
0	0	0	3	51	9	0	12	19700	7	7	14	1	20	19.7	400
0	0	0	0	38	11	0	11	16788	10	7	14	1	4	16.788	16
0	0	2	0	33	12	0	12	18520	10	10	11	1	7	18.52	49
0	0	0	0	54	12	0	12	20950	16	10	9.5	1	10	20.95	100
0	0	0	3	38	9	0	12	7574	7	3	11	0	3	7.574	9
0	0	2	2	30	11	0	14	10027	7	7	3	0	5	10.027	25
0	0	2	3	34	12	0	12	5000	12	12	7.5	0	10	5	100
0	0	0	1	34	9	0	13	7040	12	7	3	0	0	7.04	0
0	0	0	2	50	12	0	12	40800	10	7	7.5	1	3	40.8	9
0	0	2	0	30	17	0	16	16050	12	12	11	0	10	16.05	100
0	0	0	2	38	12	0	16	33100	10	7	11	1	2	33.1	4
0	0	0	0	54	14	0	14	33856	12	12	9.5	1	10	33.856	100
0	0	1	2	30	12	0	17	20500	12	12	7.5	1	4	20.5	16
0	0	0	0	55	12	0	11	28600	7	7	5	1	0	28.6	0
0	0	0	1	51	10	0	12	18750	10	10	11	0	10	18.75	100
0	0	0	1	44	12	0	12	20300	7	7	9.5	1	5	20.3	25
0	0	0	0	53	12	0	12	13420	7	7	5	0	0	13.42	0
0	0	0	2	42	10	0	9	18400	3	3	5	0	0	18.4	0
0	0	0	2	38	12	0	11	16682	10	7	7.5	0	19	16.682	361
0	0	1	3	38	13	0	12	32685	7	7	7.5	1	2	32.685	4
0	0	1	4	41	12	0	11	7050	3	3	9.5	1	12	7.05	144
0	0	0	3	35	8	0	9	10867	12	7	9.5	1	5	10.867	25
0	0	1	2	33	12	0	12	18220	12	12	9.5	1	5	18.22	25
0	0	0	0	48	13	0	16	26613	7	7	7.5	0	5	26.613	25
0	0	0	0	47	12	0	12	25000	12	10	7.5	1	10	25	100
0	0	0	5	34	12	0	13	15700	7	7	7.5	1	0	15.7	0
0	0	2	1	33	13	0	17	40250	12	10	5	1	4	40.25	16
0	0	3	1	31	13	0	17	73600	12	16	11	0	3	73.6	9
0	0	0	0	58	8	0	8	10592	12	7	7.5	1	2	10.592	4
0	0	0	0	49	12	0	8	8000	7	7	3	0	1	8	1
0	0	0	1	55	8	0	9	13400	7	3	7.5	1	0	13.4	0
0	0	0	0	44	14	0	8	23700	12	12	14	1	1	23.7	1
0	0	0	0	44	9	0	8	18900	7	7	11	1	1	18.9	1
0	0	0	3	36	16	0	17	48300	7	12	9.5	1	6	48.3	36
0	0	0	3	38	12	0	14	24470	14	14	9.5	1	12	24.47	144
0	0	0	3	37	16	0	17	28630	16	7	7.5	1	6	28.63	36
0	0	0	0	47	12	0	12	25320	12	7	5	1	9	25.32	81
0	0	0	3	47	12	0	10	13530	12	10	7.5	1	14	13.53	196
0	0	1	1	32	12	0	12	14800	7	7	9	1	13	14.8	169
0	0	1	2	43	12	0	12	17400	12	7	7.5	0	8	17.4	64
0	0	1	4	42	11	0	10	15980	10	10	3	0	0	15.98	0
0	0	0	0	56	12	0	8	16576	7	7	7.5	0	1	16.576	1
0	0	0	5	38	13	0	16	21850	12	7	11	1	3	21.85	9
0	0	0	2	52	12	0	11	14600	7	7	14	1	13	14.6	169
0	0	0	0	50	12	0	12	21600	12	12	7.5	1	3	21.6	9
0	0	0	0	33	16	0	17	24000	12	12	7.5	1	8	24	64
0	0	0	2	44	16	0	17	20883	7	7	7.5	1	8	20.883	64
0	0	0	1	41	12	0	16	19500	7	7	14	0	18	19.5	324
0	0	0	1	45	12	0	12	42800	14	12	11	1	2	42.8	4
0	0	0	0	53	14	0	16	41500	7	7	7.5	0	3	41.5	9
0	0	0	0	53	14	0	17	18965	12	12	14	1	5	18.965	25
0	0	0	1	42	12	0	12	16100	12	10	9.5	1	2	16.1	4
0	0	2	0	32	13	0	16	14700	12	17	7.5	1	10	14.7	100
0	0	0	0	56	12	0	12	18800	7	7	7.5	1	30	18.8	900
0	0	1	3	37	11	0	11	14750	10	7	11	1	1	14.75	1
0	0	1	2	40	12	0	14	21000	12	7	14	1	5	21	25
0	0	0	3	54	15	0	16	35400	0	7	7.5	1	8	35.4	64
0	0	0	0	53	7	0	9	10700	7	7	7.5	0	0	10.7	0
0	0	0	1	48	12	0	12	24500	7	7	9.5	1	4	24.5	16
0	0	1	2	36	12	0	14	17045	7	7	9.5	1	2	17.045	4
0	0	0	0	57	12	0	14	18800	7	7	7.5	1	30	18.8	900
0	0	0	0	51	12	0	7	14000	10	7	14	1	25	14	625
0	0	0	4	33	13	0	12	18214	7	0	3	0	3	18.214	9
0	0	0	0	52	12	0	11	20177	7	7	7.5	1	20	20.177	400
0	0	0	0	56	10	0	8	8300	0	7	7.5	1	20	8.3	400
0	0	1	2	36	12	0	11	14200	14	9	7.5	1	0	14.2	0
0	0	1	0	36	14	0	16	21768	12	12	7.5	0	15	21.768	225
0	0	0	1	46	12	0	10	29553	10	7	14	1	10	29.553	100
0	0	0	3	31	10	0	9	4350	7	7	7.5	0	4	4.35	16
0	0	0	0	52	11	0	12	24000	7	7	11	1	3	24	9
0	0	0	2	46	12	0	12	18300	7	7	7.5	1	10	18.3	100
0	0	2	0	35	12	0	16	17200	7	3	7.5	1	9	17.2	81
0	0	0	0	59	12	0	10	16476	7	7	14	0	7	16.476	49
0	0	0	1	36	8	0	12	13400	0	0	14	0	12	13.4	144
0	0	1	3	51	7	0	7	44988	3	3	14	0	0	44.988	0
0	0	1	0	31	16	0	12	18200	12	12	9	1	16	18.2	256
0	0	0	2	31	14	0	17	28000	12	12	14	1	4	28	16
0	0	1	1	32	12	0	13	11550	12	12	7.5	1	7	11.55	49
0	0	1	2	35	16	0	16	28450	12	7	14	1	7	28.45	49
0	0	0	3	40	12	0	12	15096	7	10	7.5	1	14	15.096	196
0	0	1	2	33	10	0	12	8009	7	7	14	0	2	8.009	4
0	0	0	0	54	7	0	11	10040	0	0	3	1	20	10.04	400
0	0	1	1	36	12	0	12	16700	12	12	7.5	1	5	16.7	25
0	0	0	1	50	10	0	8	8400	12	7	3	0	10	8.4	100
0	0	0	0	54	8	0	8	13000	0	0	3	0	20	13	400
0	0	0	1	48	11	0	12	17970	7	7	7.5	1	10	17.97	100
0	0	0	4	41	15	0	16	18450	14	17	5	0	8	18.45	64
0	0	0	4	50	12	0	12	31000	12	7	14	1	11	31	121
0	0	0	2	46	12	0	8	24135	10	7	7.5	1	3	24.135	9
0	0	0	1	42	13	0	17	31700	12	12	7.5	0	6	31.7	36
0	0	1	2	31	9	0	12	10190	3	3	14	0	4	10.19	16
0	0	0	0	53	12	0	8	21574	10	10	14	0	4	21.574	16
0	0	0	1	51	12	0	12	26680	3	3	7.5	1	9	26.68	81
0	0	0	1	47	12	0	12	17700	7	9	11	1	10	17.7	100
0	0	0	1	50	12	0	12	29400	12	12	14	1	3	29.4	9
0	0	0	1	37	6	0	5	22159	7	7	7.5	0	2	22.159	4
0	0	2	2	30	12	0	12	35000	12	12	11	0	2	35	4
0	0	0	0	49	12	0	12	8630	16	16	5	1	0	8.63	0
0	0	0	2	52	12	0	16	17080	7	0	14	1	8	17.08	64
0	0	0	2	47	12	0	16	32500	10	7	14	1	6	32.5	36
0	0	0	0	49	12	0	12	16000	7	7	11	1	15	16	225
0	0	0	4	44	12	0	16	18850	12	10	14	1	15	18.85	225
0	0	0	0	53	8	0	9	17500	9	9	9.5	1	9	17.5	81
0	0	1	0	30	12	0	13	19392	7	12	14	0	8	19.392	64
0	0	0	2	54	12	0	12	14450	7	10	7.5	1	18	14.45	324
0	0	1	1	47	7	0	7	21800	0	0	7.5	1	3	21.8	9
0	0	0	0	56	15	0	12	7700	7	7	14	1	10	7.7	100
0	0	0	1	49	12	0	16	31800	7	7	11	0	6	31.8	36
0	0	0	0	48	6	0	12	17258	7	7	9.5	1	20	17.258	400
0	0	0	1	49	12	0	10	13399	10	12	9.5	0	8	13.399	64
0	0	0	1	56	12	0	12	16073	12	16	11	0	3	16.073	9
0	0	0	0	46	12	0	11	23260	7	7	7.5	1	4	23.26	16
0	0	0	2	45	12	0	17	37300	12	12	14	1	13	37.3	169
0	0	0	2	32	12	0	12	11000	12	7	11	1	4	11	16
0	0	1	1	43	12	0	12	13075	7	7	14	1	17	13.075	289
0	0	1	1	34	12	0	12	13700	7	7	9.5	1	4	13.7	16
0	0	1	1	30	12	0	10	25100	7	10	5	0	0	25.1	0
0	0	2	0	38	17	0	12	18600	12	16	5	1	15	18.6	225
0	0	1	1	33	16	0	17	29000	16	16	9.5	0	11	29	121
0	0	0	0	52	12	0	12	19237	7	7	9.5	1	23	19.237	529
0	0	0	3	43	11	0	12	19855	12	14	7.5	1	1	19.855	1
0	0	1	1	33	12	0	12	9450	12	7	9.5	0	5	9.45	25
0	0	0	0	45	10	0	12	30000	7	7	7.5	0	1	30	1
0	0	2	1	36	10	0	12	15000	10	10	14	1	5	15	25
0	0	1	1	34	12	0	17	24701	12	12	9.5	1	3	24.701	9
0	0	0	2	37	14	0	16	15900	10	14	11	0	3	15.9	9
0	0	0	1	46	10	0	12	16240	7	7	11	0	19	16.24	361
0	0	0	0	47	12	0	10	21100	12	12	9.5	1	20	21.1	400
0	0	2	1	31	16	0	16	23000	12	12	7.5	1	5	23	25
0	0	0	0	57	5	0	5	6340	7	7	14	0	0	6.34	0
0	0	1	1	30	12	0	13	42250	10	10	5	1	3	42.25	9
0	0	0	0	30	12	0	17	14694	12	10	11	1	3	14.694	9
0	0	0	3	44	12	0	12	21417	12	12	9.5	1	7	21.417	49
0	0	0	0	53	13	0	13	20200	7	12	7.5	1	7	20.2	49
0	0	0	0	51	8	0	8	12090	7	7	9.5	1	1	12.09	1
0	0	1	3	39	12	0	14	24760	12	7	5	1	13	24.76	169
0	0	0	0	52	8	0	12	23000	7	3	3	0	0	23	0
0	0	0	4	46	8	0	12	19365	3	3	11	1	0	19.365	0
0	0	0	5	47	12	0	12	5550	7	7	3	0	12	5.55	144
0	0	0	2	52	8	0	8	68035	7	3	7.5	1	0	68.035	0
0	0	0	2	45	12	0	15	29300	10	14	7.5	1	5	29.3	25
0	0	0	0	60	11	0	11	18500	7	7	7.5	1	45	18.5	2025
0	0	0	2	41	13	0	7	22582	17	7	11	0	10	22.582	100
0	0	0	3	39	8	0	12	21500	7	7	7.5	1	2	21.5	4
0	0	0	1	49	12	0	12	28070	7	7	7.5	0	3	28.07	9
0	0	1	1	32	15	0	13	50300	12	12	14	1	1	50.3	1
0	0	1	3	33	12	0	13	23500	12	12	14	1	5	23.5	25
0	0	0	4	36	10	0	8	15500	7	9	14	0	10	15.5	100
0	0	3	3	37	13	0	14	13440	7	0	5	0	4	13.44	16
0	0	1	2	30	12	0	11	8100	12	12	11	0	7	8.1	49
0	0	1	1	44	11	0	10	9800	7	12	9.5	1	9	9.8	81
0	0	0	1	48	12	0	12	20300	7	12	5	1	5	20.3	25
0	0	0	4	40	11	0	11	15000	7	7	14	1	4	15	16
0	0	0	0	47	13	0	16	56100	9	9	5	1	11	56.1	121
0	0	0	2	36	12	0	12	22846	12	7	5	1	9	22.846	81
0	0	0	2	40	11	0	14	22225	7	12	5	1	4	22.225	16
0	0	0	1	46	12	0	12	17635	12	7	7.5	1	2	17.635	4
0	0	0	0	52	12	0	12	18500	3	12	7.5	0	23	18.5	529
0	0	0	1	44	12	0	12	13390	12	12	11	0	3	13.39	9
0	0	0	1	45	10	0	14	15150	7	7	7.5	1	15	15.15	225
0	0	2	1	30	7	0	7	16200	7	3	7.5	0	8	16.2	64
0	0	1	3	40	12	0	12	33920	12	12	14	1	3	33.92	9
0	0	0	1	43	12	0	12	14000	7	12	7.5	0	25	14	625
0	0	0	2	49	12	0	10	16736	12	3	11	1	2	16.736	4
0	0	1	4	46	12	0	12	30650	12	12	11	1	0	30.65	0
0	0	0	0	52	11	0	12	12400	7	7	11	0	19	12.4	361
0	0	1	1	31	12	0	15	19022	7	10	9.5	1	3	19.022	9
0	0	1	1	42	10	0	11	11203	7	7	5	0	7	11.203	49
0	0	0	3	33	11	0	8	19876	7	14	7.5	1	1	19.876	1
0	0	0	0	57	16	0	13	57000	7	12	14	1	9	57	81
0	0	0	0	49	10	0	10	18290	10	10	11	1	3	18.29	9
0	0	0	1	45	14	0	14	20220	14	12	11	1	8	20.22	64
0	0	0	0	56	11	0	12	22150	7	7	14	1	0	22.15	0
0	0	1	3	41	12	0	12	30623	10	10	7.5	1	5	30.623	25
0	0	0	0	56	5	0	6	9380	3	3	14	1	20	9.38	400
0	0	0	1	48	10	0	10	22000	7	7	5	1	3	22	9
0	0	0	2	52	16	0	16	23675	12	10	7.5	1	12	23.675	144
0	0	0	0	51	12	0	12	33671	7	7	14	1	5	33.671	25
0	0	0	3	35	11	0	10	12367	7	7	7.5	0	1	12.367	1
0	0	0	0	45	12	0	12	21950	7	7	5	0	0	21.95	0
0	0	0	0	54	12	0	17	32000	7	7	9.5	1	7	32	49
0	0	0	2	54	12	0	13	22610	10	10	9.5	1	13	22.61	169
0	0	1	0	31	12	0	8	12092	7	7	3	0	3	12.092	9
0	0	0	3	53	6	0	4	3777	7	7	11	0	0	3.777	0
0	0	2	2	35	14	0	14	36000	16	14	3	0	2	36	4
0	0	1	3	36	12	0	16	26900	12	16	7.5	0	0	26.9	0
0	0	0	0	59	12	0	12	32242	7	7	11	1	2	32.242	4
0	0	0	0	54	16	0	17	35020	16	17	5	1	1	35.02	1
0	0	1	1	37	12	0	17	37600	7	7	9	1	10	37.6	100
0	0	0	0	44	12	0	10	1500	7	7	7.5	1	10	1.5	100
0	0	1	2	34	17	0	16	96000	12	12	5	1	1	96	1
0	0	0	0	49	12	0	12	18150	7	7	11	0	3	18.15	9
0	0	0	0	49	12	0	12	15500	7	7	3	0	32	15.5	1024
0	0	0	0	60	9	0	8	14000	7	7	3	0	0	14	0
0	0	0	0	51	12	0	12	14756	7	7	7.5	1	7	14.756	49
0	0	1	1	30	12	0	14	22000	12	10	5	1	5	22	25
0	0	0	2	47	12	0	9	24466	7	7	11	1	2	24.466	4
0	0	0	4	36	12	0	17	24400	12	12	7.5	1	5	24.4	25
0	0	1	3	35	12	0	12	24000	7	7	9.5	1	3	24	9
0	0	0	0	58	12	0	12	15500	12	9	11	0	25	15.5	625
0	0	1	3	41	14	0	16	30800	14	12	7.5	0	0	30.8	0
0	0	0	1	51	10	0	8	10660	7	7	14	1	3	10.66	9
0	0	0	0	47	12	0	12	13350	7	7	11	0	10	13.35	100
0	0	1	2	45	9	0	9	10090	12	3	11	0	10	10.09	100
0	0	0	0	60	14	0	17	55600	16	14	14	1	7	55.6	49
0	0	1	1	30	16	0	16	25700	12	12	9.5	1	5	25.7	25
0	0	0	0	55	11	0	13	29000	7	3	5	1	15	29	225
0	0	1	2	32	12	0	8	7286	10	7	3	0	1	7.286	1
0	0	0	2	36	12	0	12	37752	7	7	3	0	5	37.752	25
0	0	0	0	55	12	0	7	13072	3	3	14	0	9	13.072	81
0	0	0	0	47	12	0	12	7044	3	3	14	0	18	7.044	324
0	0	0	1	47	12	0	8	18200	7	7	14	1	1	18.2	1
0	0	0	1	37	11	0	12	27000	12	7	3	0	0	27	0
0	0	0	2	50	12	0	17	30300	10	12	3	0	6	30.3	36
0	0	0	3	30	12	0	12	12000	3	7	14	0	1	12	1
0	0	0	1	48	17	0	17	31500	16	17	3	0	2	31.5	4
0	0	0	2	43	10	0	12	27092	10	10	5	1	15	27.092	225
0	0	1	0	48	11	0	8	20968	7	7	3	0	25	20.968	625
0	0	1	2	41	14	0	17	27000	17	7	14	1	1	27	1
0	0	0	0	50	12	0	10	11225	7	10	7.5	1	0	11.225	0
0	0	0	0	58	8	0	5	37700	3	3	7.5	0	0	37.7	0
0	0	0	5	38	13	0	15	28200	12	16	7.5	1	0	28.2	0
0	0	0	1	37	12	0	12	34000	7	12	5	0	8	34	64
0	0	0	0	50	16	0	17	63200	12	7	9.5	1	22	63.2	484
0	0	0	4	42	8	0	6	7500	3	3	7.5	1	5	7.5	25
0	0	1	3	37	9	0	17	17410	10	10	9.5	1	10	17.41	100
0	0	0	2	41	16	0	17	51000	16	17	9	1	1	51	1
0	0	0	2	31	12	0	12	12916	10	7	3	0	1	12.916	1
0	0	0	0	51	12	0	11	21900	7	7	5	1	6	21.9	36
0	0	1	2	36	12	0	12	17640	7	7	5	0	4	17.64	16
0	0	0	0	54	15	0	15	20000	14	16	14	0	6	20	36
0	0	0	0	49	12	0	12	15000	7	7	14	1	0	15	0
0	0	1	1	48	9	0	8	14060	10	12	5	0	1	14.06	1
0	0	0	2	42	9	0	10	15825	7	14	9.5	0	3	15.825	9
0	0	1	2	41	12	0	14	16510	3	16	9.5	1	15	16.51	225
0	0	0	0	55	16	0	11	13000	12	12	7.5	0	33	13	1089
0	0	0	0	42	9	0	8	10000	7	7	5	1	2	10	4
0	0	0	1	32	15	0	17	22000	12	12	7.5	1	1	22	1
0	0	0	2	43	12	0	14	29800	7	7	7.5	1	10	29.8	100
0	0	1	3	33	12	0	13	15000	7	7	5	1	0	15	0
0	0	0	1	48	15	0	16	22300	10	14	9.5	1	14	22.3	196
0	0	0	2	43	12	0	9	14550	3	16	7.5	1	15	14.55	225
0	0	1	3	47	17	0	16	19730	14	12	7.5	1	15	19.73	225
0	0	0	0	54	12	0	12	35000	12	12	7.5	1	10	35	100
0	0	0	1	51	12	0	12	21014	7	3	7.5	1	6	21.014	36
0	0	0	1	51	10	0	10	10876	14	7	7.5	0	18	10.876	324
0	0	1	1	43	13	0	13	27850	12	10	7.5	0	15	27.85	225
0	0	0	0	53	12	0	8	9560	0	3	3	0	30	9.56	900
0	0	1	1	34	11	0	12	30300	7	7	7.5	0	15	30.3	225
0	0	1	1	31	8	0	10	7720	7	7	7.5	0	10	7.72	100
0	0	0	0	56	12	0	8	10550	10	7	7.5	1	0	10.55	0
0	0	0	1	42	16	0	15	24106	12	7	9.5	1	0	24.106	0
0	0	0	2	32	12	0	16	22995	12	14	9.5	1	4	22.995	16
0	0	1	3	35	12	0	12	6000	12	12	9.5	1	0	6	0
0	0	1	1	30	12	0	14	24350	14	14	9.5	1	3	24.35	9
0	0	0	0	51	10	0	11	7608	7	7	7.5	0	20	7.608	400
0	0	0	3	47	12	0	12	28200	7	7	3	0	3	28.2	9
0	0	0	1	54	12	0	13	16150	3	7	3	0	1	16.15	1
0	0	3	0	31	15	0	17	51200	7	10	7.5	1	5	51.2	25
0	0	0	0	47	10	0	11	12646	7	7	5	1	7	12.646	49
0	0	0	3	47	14	0	16	19000	7	7	11	1	6	19	36
0	0	0	3	40	12	0	12	19000	7	7	7.5	1	2	19	4
0	0	0	0	48	8	0	7	14400	3	3	7.5	0	0	14.4	0
0	0	0	7	34	8	0	7	7232	3	7	11	1	10	7.232	100
0	0	0	3	38	12	0	16	21943	7	10	9.5	1	6	21.943	36
0	0	1	3	32	12	0	16	47500	7	10	7.5	1	4	47.5	16
0	0	0	1	48	16	0	17	28900	12	7	7.5	1	8	28.9	64
0	0	0	2	41	12	0	7	12400	7	7	7.5	0	18	12.4	324
0	0	0	2	49	5	0	3	6531	0	0	7.5	0	7	6.531	49
0	0	0	0	59	8	0	12	22422	3	7	11	1	15	22.422	225
0	0	0	0	58	13	0	16	22200	7	7	11	1	7	22.2	49
0	0	0	3	41	12	0	15	77000	7	14	14	1	8	77	64
0	0	0	2	45	12	0	12	88000	10	10	14	1	8	88	64
0	0	1	1	30	14	0	17	26040	12	10	11	0	3	26.04	9
0	0	0	1	41	12	0	16	63500	7	7	7.5	1	10	63.5	100
0	0	2	0	30	12	0	16	12100	10	10	7.5	0	9	12.1	81
0	0	0	1	53	12	0	12	17505	12	7	7.5	1	24	17.505	576
0	0	0	0	31	12	0	14	18000	10	7	7.5	0	12	18	144
0	0	0	2	43	14	0	17	28069	12	12	11	1	2	28.069	4
0	0	1	1	31	12	0	14	14000	12	14	14	1	6	14	36
0	0	0	0	51	12	0	10	8117	10	3	7.5	1	18	8.117	324
0	0	0	0	43	9	0	12	11895	7	7	5	1	17	11.895	289
0	0	1	2	31	14	0	16	45250	16	16	5	1	7	45.25	49
0	0	0	0	48	11	0	12	31106	7	10	9.5	1	6	31.106	36
0	0	1	1	31	12	0	14	4000	12	7	9.5	1	10	4	100
0	0	0	1	44	12	0	12	40500	7	7	7.5	1	5	40.5	25
0	0	0	1	48	11	0	14	21620	10	7	7.5	1	7	21.62	49
0	0	0	1	53	12	0	12	23426	0	0	7.5	1	11	23.426	121
0	0	0	3	42	10	0	12	26000	3	3	11	1	14	26	196
0	0	2	6	39	12	0	12	7840	7	0	9.5	1	5	7.84	25
0	0	1	2	32	10	0	4	6800	7	3	7.5	0	2	6.8	4
0	0	0	2	36	12	0	12	5330	7	12	14	0	4	5.33	16
0	0	0	2	40	13	0	16	28200	10	10	9.5	1	5	28.2	25
0	0	2	3	31	12	0	12	10000	12	12	7.5	0	14	10	196
0	0	0	0	43	12	0	12	9952	10	3	7.5	0	4	9.952	16
0	0	0	0	60	12	0	8	24984	12	12	14	1	15	24.984	225
0	0	0	3	39	9	0	12	28363	7	7	11	1	12	28.363	144

